TOP_LEFT(X=3153366.896357943,Z=-5415823.892077346)
TOP_RIGHT(X=3332296.4138517035,Z=-5360923.333970745)
BOT_LEFT(X=3127029.9093990717,Z=-5332805.38180718)
BOT_RIGHT(X=3307366.9097758397,Z=-5277242.0736351935)
SURFACE=59754.05119874485 REGION FILES
LEN_TOP=  187162.61248167677
LEN_BOT=  188702.7157194765
LEN_RIGHT=83681.26033555157
LEN_LEFT= 83018.51027016621
