QUATS=+0.000000e+000 +0.000000e+000 +0.000000e+000 +1.000000e+000 EYE=+0.000000e+000 +0.000000e+000 +3.000000e+000 LOOKAT=+0.000000e+000 +0.000000e+000 +0.000000e+000 TRANSLATION=-2.570000e+002 -7.600000e+001 +2.560000e+002 PERSPECTIVE=+4.500000e+001 +1.777778e+000 +1.000000e-002 +1.000000e+002 BMIN=+1.000000e+000 +2.700000e+001 -5.120000e+002 BMAX=+5.130000e+002 +1.250000e+002 +0.000000e+000 FRUSTUM=0
MATRIX=+1.000000e+000 +0.000000e+000 +0.000000e+000 +0.000000e+000 +0.000000e+000 +1.000000e+000 +0.000000e+000 +0.000000e+000 +0.000000e+000 +0.000000e+000 +1.000000e+000 +0.000000e+000 +0.000000e+000 +0.000000e+000 +0.000000e+000 +1.000000e+000 +0.000000e+000
