QUATS=+6.005464e-001 -4.476495e-003 -2.034873e-002 +7.993184e-001 EYE=-7.291666e-003 -2.120371e-001 +3.000000e+000 LOOKAT=-7.291666e-003 -2.120371e-001 +0.000000e+000 TRANSLATION=+2.498627e-004 +7.617002e-001 -1.381305e+001 PERSPECTIVE=+4.500000e+001 +1.777778e+000 +1.000000e-002 +1.000000e+002 BMIN=-9.920400e+000 -1.548770e+001 +5.020000e-002 BMAX=+9.919900e+000 +1.396430e+001 +2.757590e+001 FRUSTUM=0
MATRIX=+9.991318e-001 +2.715354e-002 -3.159700e-002 +0.000000e+000 -3.790691e-002 +2.778599e-001 -9.598734e-001 +0.000000e+000 -1.728442e-002 +9.602378e-001 +2.786480e-001 +0.000000e+000 +0.000000e+000 +0.000000e+000 +0.000000e+000 +1.000000e+000 -2.172751e+000
QUATS=+6.005463e-001 -4.476494e-003 -2.034873e-002 +7.993185e-001 EYE=-7.291666e-003 -2.120371e-001 +2.750001e+000 LOOKAT=-7.291666e-003 -2.120371e-001 -2.500000e-001 TRANSLATION=+2.498627e-004 +7.617002e-001 -1.381305e+001 PERSPECTIVE=+4.500000e+001 +1.777778e+000 +1.000000e-002 +1.000000e+002 BMIN=-9.920400e+000 -1.548770e+001 +5.020000e-002 BMAX=+9.919900e+000 +1.396430e+001 +2.757590e+001 FRUSTUM=0
MATRIX=+9.991318e-001 +2.715354e-002 -3.159699e-002 +0.000000e+000 -3.790691e-002 +2.778602e-001 -9.598733e-001 +0.000000e+000 -1.728442e-002 +9.602377e-001 +2.786483e-001 +0.000000e+000 +0.000000e+000 +0.000000e+000 +0.000000e+000 +1.000000e+000 -2.172751e+000
QUATS=+6.451806e-001 +3.597029e-002 +1.343003e-002 +7.630648e-001 EYE=-7.291666e-003 -2.120371e-001 +2.533335e+000 LOOKAT=-7.291666e-003 -2.120371e-001 -4.666668e-001 TRANSLATION=+2.498627e-004 +7.617002e-001 -1.381305e+001 PERSPECTIVE=+4.500000e+001 +1.777778e+000 +1.000000e-002 +1.000000e+002 BMIN=-9.920400e+000 -1.548770e+001 +5.020000e-002 BMAX=+9.919900e+000 +1.396430e+001 +2.757590e+001 FRUSTUM=0
MATRIX=+9.970515e-001 +2.591871e-002 +7.222492e-002 +0.000000e+000 +6.691064e-002 +1.671231e-001 -9.836631e-001 +0.000000e+000 -3.756574e-002 +9.855955e-001 +1.648961e-001 +0.000000e+000 +0.000000e+000 +0.000000e+000 +0.000000e+000 +1.000000e+000 +3.839277e+000
QUATS=+6.756941e-001 +5.377030e-002 +3.474592e-002 +7.343971e-001 EYE=-7.291666e-003 -2.120371e-001 +2.348151e+000 LOOKAT=-7.291666e-003 -2.120371e-001 -6.518523e-001 TRANSLATION=+2.498627e-004 +7.617002e-001 -1.381305e+001 PERSPECTIVE=+4.500000e+001 +1.777778e+000 +1.000000e-002 +1.000000e+002 BMIN=-9.920400e+000 -1.548770e+001 +5.020000e-002 BMAX=+9.919900e+000 +1.396430e+001 +2.757590e+001 FRUSTUM=0
MATRIX=+9.918029e-001 +2.162995e-002 +1.259327e-001 +0.000000e+000 +1.236992e-001 +8.446038e-002 -9.887189e-001 +0.000000e+000 -3.202228e-002 +9.961922e-001 +8.109248e-002 +0.000000e+000 +0.000000e+000 +0.000000e+000 +0.000000e+000 +1.000000e+000 +7.109304e+000
QUATS=+7.312319e-001 +6.933127e-002 +8.887558e-002 +6.727512e-001 EYE=-7.291666e-003 -2.120371e-001 +2.142596e+000 LOOKAT=-7.291666e-003 -2.120371e-001 -8.574082e-001 TRANSLATION=+2.498627e-004 +7.617002e-001 -1.381305e+001 PERSPECTIVE=+4.500000e+001 +1.777778e+000 +1.000000e-002 +1.000000e+002 BMIN=-9.920400e+000 -1.548770e+001 +5.020000e-002 BMAX=+9.919900e+000 +1.396430e+001 +2.757590e+001 FRUSTUM=0
MATRIX=+9.745886e-001 -1.818784e-002 +2.232627e-001 +0.000000e+000 +2.209768e-001 -8.519804e-002 -9.715506e-001 +0.000000e+000 +3.669193e-002 +9.961981e-001 -7.901394e-002 +0.000000e+000 +0.000000e+000 +0.000000e+000 +0.000000e+000 +1.000000e+000 +1.277516e+001
QUATS=+7.578990e-001 +4.593737e-002 +1.098152e-001 +6.414198e-001 EYE=+1.401042e-001 -1.212963e-001 +2.142596e+000 LOOKAT=+1.401042e-001 -1.212963e-001 -8.574082e-001 TRANSLATION=+2.498627e-004 +7.617002e-001 -1.381305e+001 PERSPECTIVE=+4.500000e+001 +1.777778e+000 +1.000000e-002 +1.000000e+002 BMIN=-9.920400e+000 -1.548770e+001 +5.020000e-002 BMAX=+9.919900e+000 +1.396430e+001 +2.757590e+001 FRUSTUM=0
MATRIX=+9.716608e-001 -7.124349e-002 +2.253879e-001 +0.000000e+000 +2.105070e-001 -1.729407e-001 -9.621738e-001 +0.000000e+000 +1.075274e-001 +9.823522e-001 -1.530424e-001 +0.000000e+000 +0.000000e+000 +0.000000e+000 +0.000000e+000 +1.000000e+000 +1.222403e+001
QUATS=+7.927098e-001 -1.361888e-002 +1.406315e-001 +5.929995e-001 EYE=+3.000000e-001 -1.388886e-002 +2.142596e+000 LOOKAT=+3.000000e-001 -1.388886e-002 -8.574082e-001 TRANSLATION=+2.498627e-004 +7.617002e-001 -1.381305e+001 PERSPECTIVE=+4.500000e+001 +1.777778e+000 +1.000000e-002 +1.000000e+002 BMIN=-9.920400e+000 -1.548770e+001 +5.020000e-002 BMAX=+9.919900e+000 +1.396430e+001 +2.757590e+001 FRUSTUM=0
MATRIX=+9.600747e-001 -1.883804e-001 +2.068079e-001 +0.000000e+000 +1.451971e-001 -2.963321e-001 -9.439836e-001 +0.000000e+000 +2.391118e-001 +9.363226e-001 -2.571487e-001 +0.000000e+000 +0.000000e+000 +0.000000e+000 +0.000000e+000 +1.000000e+000 +8.599970e+000
QUATS=+7.509191e-001 +2.050425e-003 +2.035879e-002 +6.600772e-001 EYE=+3.000000e-001 -1.388886e-002 +2.142596e+000 LOOKAT=+3.000000e-001 -1.388886e-002 -8.574082e-001 TRANSLATION=+2.498627e-004 +7.617002e-001 -1.381305e+001 PERSPECTIVE=+4.500000e+001 +1.777778e+000 +1.000000e-002 +1.000000e+002 BMIN=-9.920400e+000 -1.548770e+001 +5.020000e-002 BMAX=+9.919900e+000 +1.396430e+001 +2.757590e+001 FRUSTUM=0
MATRIX=+9.991626e-001 -2.379734e-002 +3.328249e-002 +0.000000e+000 +2.995615e-002 -1.285880e-001 -9.912456e-001 +0.000000e+000 +2.786873e-002 +9.914126e-001 -1.277674e-001 +0.000000e+000 +0.000000e+000 +0.000000e+000 +0.000000e+000 +1.000000e+000 +1.717285e+000
QUATS=+7.007061e-001 +1.907841e-002 -4.958477e-002 +7.114691e-001 EYE=+3.000000e-001 -1.388886e-002 +2.257410e+000 LOOKAT=+3.000000e-001 -1.388886e-002 -7.425932e-001 TRANSLATION=+2.498627e-004 +7.617002e-001 -1.381305e+001 PERSPECTIVE=+4.500000e+001 +1.777778e+000 +1.000000e-002 +1.000000e+002 BMIN=-9.920400e+000 -1.548770e+001 +5.020000e-002 BMAX=+9.919900e+000 +1.396430e+001 +2.757590e+001 FRUSTUM=0
MATRIX=+9.943547e-001 +9.729278e-002 -4.234130e-002 +0.000000e+000 -4.381933e-002 +1.310456e-002 -9.989535e-001 +0.000000e+000 -9.663611e-002 +9.951696e-001 +1.729393e-002 +0.000000e+000 +0.000000e+000 +0.000000e+000 +0.000000e+000 +1.000000e+000 -2.523284e+000
QUATS=+6.367599e-001 +5.379060e-002 -9.969881e-002 +7.626949e-001 EYE=+3.000000e-001 -1.388886e-002 +2.022226e+000 LOOKAT=+3.000000e-001 -1.388886e-002 -9.777787e-001 TRANSLATION=+2.498627e-004 +7.617002e-001 -1.381305e+001 PERSPECTIVE=+4.500000e+001 +1.777778e+000 +1.000000e-002 +1.000000e+002 BMIN=-9.920400e+000 -1.548770e+001 +5.020000e-002 BMAX=+9.919900e+000 +1.396430e+001 +2.757590e+001 FRUSTUM=0
MATRIX=+9.743335e-001 +2.205829e-001 -4.491679e-002 +0.000000e+000 -8.357616e-002 +1.691939e-001 -9.820328e-001 +0.000000e+000 -2.090200e-001 +9.605814e-001 +1.832867e-001 +0.000000e+000 +0.000000e+000 +0.000000e+000 +0.000000e+000 +1.000000e+000 -4.902704e+000
QUATS=+5.522388e-001 +4.596874e-002 -1.516507e-001 +8.184872e-001 EYE=+3.000000e-001 -1.388886e-002 +2.022226e+000 LOOKAT=+3.000000e-001 -1.388886e-002 -9.777787e-001 TRANSLATION=+2.498627e-004 +7.617002e-001 -1.381305e+001 PERSPECTIVE=+4.500000e+001 +1.777778e+000 +1.000000e-002 +1.000000e+002 BMIN=-9.920400e+000 -1.548770e+001 +5.020000e-002 BMAX=+9.919900e+000 +1.396430e+001 +2.757590e+001 FRUSTUM=0
MATRIX=+9.497779e-001 +2.990198e-001 -9.224514e-002 +0.000000e+000 -1.974769e-001 +3.440688e-001 -9.179431e-001 +0.000000e+000 -2.427444e-001 +8.900584e-001 +3.858384e-001 +0.000000e+000 +0.000000e+000 +0.000000e+000 +0.000000e+000 +1.000000e+000 -1.174554e+001
QUATS=+5.010800e-001 +5.801800e-002 -1.632774e-001 +8.478757e-001 EYE=+3.000000e-001 -1.388886e-002 +2.022226e+000 LOOKAT=+3.000000e-001 -1.388886e-002 -9.777787e-001 TRANSLATION=+2.498627e-004 +7.617002e-001 -1.381305e+001 PERSPECTIVE=+4.500000e+001 +1.777778e+000 +1.000000e-002 +1.000000e+002 BMIN=-9.920400e+000 -1.548770e+001 +5.020000e-002 BMAX=+9.919900e+000 +1.396430e+001 +2.757590e+001 FRUSTUM=0
MATRIX=+9.399489e-001 +3.350211e-001 -6.524595e-002 +0.000000e+000 -2.187345e-001 +4.445186e-001 -8.686532e-001 +0.000000e+000 -2.620142e-001 +8.307611e-001 +4.911054e-001 +0.000000e+000 +0.000000e+000 +0.000000e+000 +0.000000e+000 +1.000000e+000 -1.310009e+001
QUATS=+4.678549e-001 +5.840799e-002 -1.674289e-001 +8.658336e-001 EYE=+3.000000e-001 -1.388886e-002 +1.835189e+000 LOOKAT=+3.000000e-001 -1.388886e-002 -1.164815e+000 TRANSLATION=+2.498627e-004 +7.617002e-001 -1.381305e+001 PERSPECTIVE=+4.500000e+001 +1.777778e+000 +1.000000e-002 +1.000000e+002 BMIN=-9.920400e+000 -1.548770e+001 +5.020000e-002 BMAX=+9.919900e+000 +1.396430e+001 +2.757590e+001 FRUSTUM=0
MATRIX=+9.371121e-001 +3.445841e-001 -5.552170e-002 +0.000000e+000 -2.352783e-001 +5.061587e-001 -8.297273e-001 +0.000000e+000 -2.578081e-001 +7.906106e-001 +5.554006e-001 +0.000000e+000 +0.000000e+000 +0.000000e+000 +0.000000e+000 +1.000000e+000 -1.409379e+001
QUATS=+4.326632e-001 -6.402539e-002 -2.281232e-001 +8.698638e-001 EYE=+3.000000e-001 -1.388886e-002 +1.835189e+000 LOOKAT=+3.000000e-001 -1.388886e-002 -1.164815e+000 TRANSLATION=+2.498627e-004 +7.617002e-001 -1.381305e+001 PERSPECTIVE=+4.500000e+001 +1.777778e+000 +1.000000e-002 +1.000000e+002 BMIN=-9.920400e+000 -1.548770e+001 +5.020000e-002 BMAX=+9.919900e+000 +1.396430e+001 +2.757590e+001 FRUSTUM=0
MATRIX=+8.877211e-001 +3.414694e-001 -3.087878e-001 +0.000000e+000 -4.522751e-001 +5.215247e-001 -7.235048e-001 +0.000000e+000 -8.601430e-002 +7.819275e-001 +6.174066e-001 +0.000000e+000 +0.000000e+000 +0.000000e+000 +0.000000e+000 +1.000000e+000 -2.699788e+001
QUATS=+4.605087e-001 -7.904829e-002 -2.930889e-001 +8.341355e-001 EYE=+2.760422e-002 +5.555589e-003 +1.924078e+000 LOOKAT=+2.760422e-002 +5.555589e-003 -1.075927e+000 TRANSLATION=+2.498627e-004 +7.617002e-001 -1.381305e+001 PERSPECTIVE=+4.500000e+001 +1.777778e+000 +1.000000e-002 +1.000000e+002 BMIN=-9.920400e+000 -1.548770e+001 +5.020000e-002 BMAX=+9.919900e+000 +1.396430e+001 +2.757590e+001 FRUSTUM=0
MATRIX=+8.157005e-001 +4.161469e-001 -4.018140e-001 +0.000000e+000 -5.617566e-001 +4.040612e-001 -7.219169e-001 +0.000000e+000 -1.380661e-001 +8.145896e-001 +5.633662e-001 +0.000000e+000 +0.000000e+000 +0.000000e+000 +0.000000e+000 +1.000000e+000 -3.455441e+001
QUATS=+5.760638e-001 -8.333303e-002 -3.351217e-001 +7.408776e-001 EYE=-2.083328e-002 -1.074074e-001 +1.924078e+000 LOOKAT=-2.083328e-002 -1.074074e-001 -1.075927e+000 TRANSLATION=+2.498627e-004 +7.617002e-001 -1.381305e+001 PERSPECTIVE=+4.500000e+001 +1.777778e+000 +1.000000e-002 +1.000000e+002 BMIN=-9.920400e+000 -1.548770e+001 +5.020000e-002 BMAX=+9.919900e+000 +1.396430e+001 +2.757590e+001 FRUSTUM=0
MATRIX=+7.614981e-001 +4.005581e-001 -5.095820e-001 +0.000000e+000 -5.925786e-001 +1.116880e-001 -7.977321e-001 +0.000000e+000 -2.626238e-001 +9.094389e-001 +3.224123e-001 +0.000000e+000 +0.000000e+000 +0.000000e+000 +0.000000e+000 +1.000000e+000 -3.788915e+001
QUATS=+6.527272e-001 -6.948136e-002 -4.227071e-001 +6.248506e-001 EYE=-6.927078e-002 -1.842593e-001 +1.924078e+000 LOOKAT=-6.927078e-002 -1.842593e-001 -1.075927e+000 TRANSLATION=+2.498627e-004 +7.617002e-001 -1.381305e+001 PERSPECTIVE=+4.500000e+001 +1.777778e+000 +1.000000e-002 +1.000000e+002 BMIN=-9.920400e+000 -1.548770e+001 +5.020000e-002 BMAX=+9.919900e+000 +1.396430e+001 +2.757590e+001 FRUSTUM=0
MATRIX=+6.329821e-001 +4.375528e-001 -6.386557e-001 +0.000000e+000 -6.189623e-001 -2.094681e-001 -7.569735e-001 +0.000000e+000 -4.649938e-001 +8.744545e-001 +1.382391e-001 +0.000000e+000 +0.000000e+000 +0.000000e+000 +0.000000e+000 +1.000000e+000 -4.435840e+001
QUATS=+7.672432e-001 +9.564845e-002 -2.502001e-001 +5.827428e-001 EYE=-3.854161e-002 +1.296297e-002 +1.924078e+000 LOOKAT=-3.854161e-002 +1.296297e-002 -1.075927e+000 TRANSLATION=+2.498627e-004 +7.617002e-001 -1.381305e+001 PERSPECTIVE=+4.500000e+001 +1.777778e+000 +1.000000e-002 +1.000000e+002 BMIN=-9.920400e+000 -1.548770e+001 +5.020000e-002 BMAX=+9.919900e+000 +1.396430e+001 +2.757590e+001 FRUSTUM=0
MATRIX=+8.565026e-001 +4.383758e-001 -2.724518e-001 +0.000000e+000 -1.448333e-001 -3.025244e-001 -9.420733e-001 +0.000000e+000 -4.954056e-001 +8.463483e-001 -1.956215e-001 +0.000000e+000 +0.000000e+000 +0.000000e+000 +0.000000e+000 +1.000000e+000 -9.597838e+000
QUATS=+8.363819e-001 +1.737156e-001 -6.504399e-002 +5.158077e-001 EYE=-3.854161e-002 +1.296297e-002 +1.924078e+000 LOOKAT=-3.854161e-002 +1.296297e-002 -1.075927e+000 TRANSLATION=+2.498627e-004 +7.617002e-001 -1.381305e+001 PERSPECTIVE=+4.500000e+001 +1.777778e+000 +1.000000e-002 +1.000000e+002 BMIN=-9.920400e+000 -1.548770e+001 +5.020000e-002 BMAX=+9.919900e+000 +1.396430e+001 +2.757590e+001 FRUSTUM=0
MATRIX=+9.311844e-001 +3.576855e-001 +7.040446e-002 +0.000000e+000 +2.234848e-001 -4.075307e-001 -8.854227e-001 +0.000000e+000 -2.880109e-001 +8.402261e-001 -4.594234e-001 +0.000000e+000 +0.000000e+000 +0.000000e+000 +0.000000e+000 +1.000000e+000 +1.349576e+001
QUATS=+8.547158e-001 +1.025514e-001 +5.611356e-002 +5.057622e-001 EYE=-3.854161e-002 +1.296297e-002 +1.924078e+000 LOOKAT=-3.854161e-002 +1.296297e-002 -1.075927e+000 TRANSLATION=+2.498627e-004 +7.617002e-001 -1.381305e+001 PERSPECTIVE=+4.500000e+001 +1.777778e+000 +1.000000e-002 +1.000000e+002 BMIN=-9.920400e+000 -1.548770e+001 +5.020000e-002 BMAX=+9.919900e+000 +1.396430e+001 +2.757590e+001 FRUSTUM=0
MATRIX=+9.726689e-001 +1.185443e-001 +1.996555e-001 +0.000000e+000 +2.320648e-001 -4.673755e-001 -8.530568e-001 +0.000000e+000 -7.810928e-003 +8.760750e-001 -4.821116e-001 +0.000000e+000 +0.000000e+000 +0.000000e+000 +0.000000e+000 +1.000000e+000 +1.341908e+001
QUATS=+7.730070e-001 +9.354181e-002 +2.014734e-001 +5.942378e-001 EYE=-3.854161e-002 +1.296297e-002 +1.924078e+000 LOOKAT=-3.854161e-002 +1.296297e-002 -1.075927e+000 TRANSLATION=+2.498627e-004 +7.617002e-001 -1.381305e+001 PERSPECTIVE=+4.500000e+001 +1.777778e+000 +1.000000e-002 +1.000000e+002 BMIN=-9.920400e+000 -1.548770e+001 +5.020000e-002 BMAX=+9.919900e+000 +1.396430e+001 +2.757590e+001 FRUSTUM=0
MATRIX=+9.013168e-001 -9.482931e-002 +4.226529e-001 +0.000000e+000 +3.840632e-001 -2.762629e-001 -8.810076e-001 +0.000000e+000 +2.003086e-001 +9.563923e-001 -2.125800e-001 +0.000000e+000 +0.000000e+000 +0.000000e+000 +0.000000e+000 +1.000000e+000 +2.307950e+001
QUATS=+7.997531e-001 +4.535963e-002 +2.958493e-001 +5.203947e-001 EYE=-7.968743e-002 +1.796297e-001 +1.924078e+000 LOOKAT=-7.968743e-002 +1.796297e-001 -1.075927e+000 TRANSLATION=+2.498627e-004 +7.617002e-001 -1.381305e+001 PERSPECTIVE=+4.500000e+001 +1.777778e+000 +1.000000e-002 +1.000000e+002 BMIN=-9.920400e+000 -1.548770e+001 +5.020000e-002 BMAX=+9.919900e+000 +1.396430e+001 +2.757590e+001 FRUSTUM=0
MATRIX=+8.208314e-001 -2.353638e-001 +5.204226e-001 +0.000000e+000 +3.804698e-001 -4.542637e-001 -8.055354e-001 +0.000000e+000 +4.260029e-001 +8.592139e-001 -2.833251e-001 +0.000000e+000 +0.000000e+000 +0.000000e+000 +0.000000e+000 +1.000000e+000 +2.486855e+001
QUATS=+8.571101e-001 -1.345567e-002 +3.075968e-001 +4.129958e-001 EYE=-7.968743e-002 +1.796297e-001 +1.924078e+000 LOOKAT=-7.968743e-002 +1.796297e-001 -1.075927e+000 TRANSLATION=+2.498627e-004 +7.617002e-001 -1.381305e+001 PERSPECTIVE=+4.500000e+001 +1.777778e+000 +1.000000e-002 +1.000000e+002 BMIN=-9.920400e+000 -1.548770e+001 +5.020000e-002 BMAX=+9.919900e+000 +1.396430e+001 +2.757590e+001 FRUSTUM=0
MATRIX=+8.104063e-001 -2.771383e-001 +5.161744e-001 +0.000000e+000 +2.310063e-001 -6.585069e-001 -7.162435e-001 +0.000000e+000 +5.384029e-001 +6.996878e-001 -4.696375e-001 +0.000000e+000 +0.000000e+000 +0.000000e+000 +0.000000e+000 +1.000000e+000 +1.591020e+001
QUATS=+8.285332e-001 +1.973221e-002 +2.948090e-001 +4.756373e-001 EYE=-7.968743e-002 +1.796297e-001 +1.924078e+000 LOOKAT=-7.968743e-002 +1.796297e-001 -1.075927e+000 TRANSLATION=+2.498627e-004 +7.617002e-001 -1.381305e+001 PERSPECTIVE=+4.500000e+001 +1.777778e+000 +1.000000e-002 +1.000000e+002 BMIN=-9.920400e+000 -1.548770e+001 +5.020000e-002 BMAX=+9.919900e+000 +1.396430e+001 +2.757590e+001 FRUSTUM=0
MATRIX=+8.253965e-001 -2.477468e-001 +5.072889e-001 +0.000000e+000 +3.131419e-001 -5.467592e-001 -7.765282e-001 +0.000000e+000 +4.697474e-001 +7.997971e-001 -3.737133e-001 +0.000000e+000 +0.000000e+000 +0.000000e+000 +0.000000e+000 +1.000000e+000 +2.077593e+001
QUATS=+7.912301e-001 +5.290946e-002 +2.181161e-001 +5.688415e-001 EYE=-7.968743e-002 +1.796297e-001 +1.924078e+000 LOOKAT=-7.968743e-002 +1.796297e-001 -1.075927e+000 TRANSLATION=+2.498627e-004 +7.617002e-001 -1.381305e+001 PERSPECTIVE=+4.500000e+001 +1.777778e+000 +1.000000e-002 +1.000000e+002 BMIN=-9.920400e+000 -1.548770e+001 +5.020000e-002 BMAX=+9.919900e+000 +1.396430e+001 +2.757590e+001 FRUSTUM=0
MATRIX=+8.992519e-001 -1.644199e-001 +4.053543e-001 +0.000000e+000 +3.318741e-001 -3.472396e-001 -8.770883e-001 +0.000000e+000 +2.849659e-001 +9.232500e-001 -2.576891e-001 +0.000000e+000 +0.000000e+000 +0.000000e+000 +0.000000e+000 +1.000000e+000 +2.025688e+001
QUATS=+7.912302e-001 +5.290952e-002 +2.181161e-001 +5.688415e-001 EYE=-1.885416e-001 +1.138889e-001 +2.153707e+000 LOOKAT=-1.885416e-001 +1.138889e-001 -8.462970e-001 TRANSLATION=+2.498627e-004 +7.617002e-001 -1.381305e+001 PERSPECTIVE=+4.500000e+001 +1.777778e+000 +1.000000e-002 +1.000000e+002 BMIN=-9.920400e+000 -1.548770e+001 +5.020000e-002 BMAX=+9.919900e+000 +1.396430e+001 +2.757590e+001 FRUSTUM=0
MATRIX=+8.992519e-001 -1.644198e-001 +4.053544e-001 +0.000000e+000 +3.318742e-001 -3.472397e-001 -8.770884e-001 +0.000000e+000 +2.849658e-001 +9.232500e-001 -2.576892e-001 +0.000000e+000 +0.000000e+000 +0.000000e+000 +0.000000e+000 +1.000000e+000 +2.025688e+001
QUATS=+7.086245e-001 +5.279585e-002 +1.557735e-001 +6.861476e-001 EYE=-1.885416e-001 +1.138889e-001 +2.153707e+000 LOOKAT=-1.885416e-001 +1.138889e-001 -8.462970e-001 TRANSLATION=+2.498627e-004 +7.617002e-001 -1.381305e+001 PERSPECTIVE=+4.500000e+001 +1.777778e+000 +1.000000e-002 +1.000000e+002 BMIN=-9.920400e+000 -1.548770e+001 +5.020000e-002 BMAX=+9.919900e+000 +1.396430e+001 +2.757590e+001 FRUSTUM=0
MATRIX=+9.458944e-001 -1.389424e-001 +2.932214e-001 +0.000000e+000 +2.885921e-001 -5.282831e-002 -9.559937e-001 +0.000000e+000 +1.483184e-001 +9.888905e-001 -9.872317e-003 +0.000000e+000 +0.000000e+000 +0.000000e+000 +0.000000e+000 +1.000000e+000 +1.696693e+001
QUATS=+6.883669e-001 +3.753922e-002 +1.154432e-001 +7.151327e-001 EYE=-2.598958e-001 +2.222223e-002 +2.153707e+000 LOOKAT=-2.598958e-001 +2.222223e-002 -8.462970e-001 TRANSLATION=+2.498627e-004 +7.617002e-001 -1.381305e+001 PERSPECTIVE=+4.500000e+001 +1.777778e+000 +1.000000e-002 +1.000000e+002 BMIN=-9.920400e+000 -1.548770e+001 +5.020000e-002 BMAX=+9.919900e+000 +1.396430e+001 +2.757590e+001 FRUSTUM=0
MATRIX=+9.705274e-001 -1.134329e-001 +2.126256e-001 +0.000000e+000 +2.167960e-001 +2.564776e-002 -9.758800e-001 +0.000000e+000 +1.052435e-001 +9.932145e-001 +4.948366e-002 +0.000000e+000 +0.000000e+000 +0.000000e+000 +0.000000e+000 +1.000000e+000 +1.259198e+001
QUATS=+6.883669e-001 +3.753924e-002 +1.154432e-001 +7.151326e-001 EYE=-3.411459e-001 -3.092592e-001 +2.153707e+000 LOOKAT=-3.411459e-001 -3.092592e-001 -8.462970e-001 TRANSLATION=+2.498627e-004 +7.617002e-001 -1.381305e+001 PERSPECTIVE=+4.500000e+001 +1.777778e+000 +1.000000e-002 +1.000000e+002 BMIN=-9.920400e+000 -1.548770e+001 +5.020000e-002 BMAX=+9.919900e+000 +1.396430e+001 +2.757590e+001 FRUSTUM=0
MATRIX=+9.705274e-001 -1.134329e-001 +2.126257e-001 +0.000000e+000 +2.167960e-001 +2.564776e-002 -9.758799e-001 +0.000000e+000 +1.052435e-001 +9.932145e-001 +4.948366e-002 +0.000000e+000 +0.000000e+000 +0.000000e+000 +0.000000e+000 +1.000000e+000 +1.259198e+001
QUATS=+6.883669e-001 +3.753924e-002 +1.154432e-001 +7.151326e-001 EYE=-3.411459e-001 -3.092592e-001 +1.829633e+000 LOOKAT=-3.411459e-001 -3.092592e-001 -1.170371e+000 TRANSLATION=+2.498627e-004 +7.617002e-001 -1.381305e+001 PERSPECTIVE=+4.500000e+001 +1.777778e+000 +1.000000e-002 +1.000000e+002 BMIN=-9.920400e+000 -1.548770e+001 +5.020000e-002 BMAX=+9.919900e+000 +1.396430e+001 +2.757590e+001 FRUSTUM=0
MATRIX=+9.705274e-001 -1.134329e-001 +2.126257e-001 +0.000000e+000 +2.167960e-001 +2.564776e-002 -9.758799e-001 +0.000000e+000 +1.052435e-001 +9.932145e-001 +4.948366e-002 +0.000000e+000 +0.000000e+000 +0.000000e+000 +0.000000e+000 +1.000000e+000 +1.259198e+001
QUATS=+7.593381e-001 +6.955379e-002 +8.598235e-002 +6.412293e-001 EYE=-3.411459e-001 -3.398149e-001 +1.705559e+000 LOOKAT=-3.411459e-001 -3.398149e-001 -1.294445e+000 TRANSLATION=+2.498627e-004 +7.617002e-001 -1.381305e+001 PERSPECTIVE=+4.500000e+001 +1.777778e+000 +1.000000e-002 +1.000000e+002 BMIN=-9.920400e+000 -1.548770e+001 +5.020000e-002 BMAX=+9.919900e+000 +1.396430e+001 +2.757590e+001 FRUSTUM=0
MATRIX=+9.755386e-001 -4.639141e-003 +2.197792e-001 +0.000000e+000 +2.158985e-001 -1.679745e-001 -9.618589e-001 +0.000000e+000 +4.137950e-002 +9.857805e-001 -1.628641e-001 +0.000000e+000 +0.000000e+000 +0.000000e+000 +0.000000e+000 +1.000000e+000 +1.247910e+001
QUATS=+7.875589e-001 +8.206370e-002 +1.765074e-001 +5.846894e-001 EYE=-3.307292e-001 -2.064816e-001 +1.572226e+000 LOOKAT=-3.307292e-001 -2.064816e-001 -1.427778e+000 TRANSLATION=+2.498627e-004 +7.617002e-001 -1.381305e+001 PERSPECTIVE=+4.500000e+001 +1.777778e+000 +1.000000e-002 +1.000000e+002 BMIN=-9.920400e+000 -1.548770e+001 +5.020000e-002 BMAX=+9.919900e+000 +1.396430e+001 +2.757590e+001 FRUSTUM=0
MATRIX=+9.242213e-001 -7.714403e-002 +3.739835e-001 +0.000000e+000 +3.356640e-001 -3.028077e-001 -8.919849e-001 +0.000000e+000 +1.820564e-001 +9.499243e-001 -2.539668e-001 +0.000000e+000 +0.000000e+000 +0.000000e+000 +0.000000e+000 +1.000000e+000 +1.996030e+001
QUATS=+7.875589e-001 +8.206370e-002 +1.765074e-001 +5.846894e-001 EYE=-3.520835e-001 -2.416668e-001 +1.429634e+000 LOOKAT=-3.520835e-001 -2.416668e-001 -1.570370e+000 TRANSLATION=+2.498627e-004 +7.617002e-001 -1.381305e+001 PERSPECTIVE=+4.500000e+001 +1.777778e+000 +1.000000e-002 +1.000000e+002 BMIN=-9.920400e+000 -1.548770e+001 +5.020000e-002 BMAX=+9.919900e+000 +1.396430e+001 +2.757590e+001 FRUSTUM=0
MATRIX=+9.242213e-001 -7.714403e-002 +3.739835e-001 +0.000000e+000 +3.356640e-001 -3.028077e-001 -8.919849e-001 +0.000000e+000 +1.820564e-001 +9.499243e-001 -2.539668e-001 +0.000000e+000 +0.000000e+000 +0.000000e+000 +0.000000e+000 +1.000000e+000 +1.996030e+001
QUATS=+7.740995e-001 +3.478882e-002 +8.791666e-002 +6.259635e-001 EYE=-1.828127e-001 -3.324077e-001 +1.429634e+000 LOOKAT=-1.828127e-001 -3.324077e-001 -1.570370e+000 TRANSLATION=+2.498627e-004 +7.617002e-001 -1.381305e+001 PERSPECTIVE=+4.500000e+001 +1.777778e+000 +1.000000e-002 +1.000000e+002 BMIN=-9.920400e+000 -1.548770e+001 +5.020000e-002 BMAX=+9.919900e+000 +1.396430e+001 +2.757590e+001 FRUSTUM=0
MATRIX=+9.821208e-001 -5.620523e-002 +1.796655e-001 +0.000000e+000 +1.639252e-001 -2.139187e-001 -9.629990e-001 +0.000000e+000 +9.255942e-002 +9.752331e-001 -2.008805e-001 +0.000000e+000 +0.000000e+000 +0.000000e+000 +0.000000e+000 +1.000000e+000 +9.475857e+000
QUATS=+7.602258e-001 -2.187701e-002 -2.919372e-002 +6.486339e-001 EYE=-4.375016e-002 -3.990745e-001 +1.364820e+000 LOOKAT=-4.375016e-002 -3.990745e-001 -1.635185e+000 TRANSLATION=+2.498627e-004 +7.617002e-001 -1.381305e+001 PERSPECTIVE=+4.500000e+001 +1.777778e+000 +1.000000e-002 +1.000000e+002 BMIN=-9.920400e+000 -1.548770e+001 +5.020000e-002 BMAX=+9.919900e+000 +1.396430e+001 +2.757590e+001 FRUSTUM=0
MATRIX=+9.973382e-001 +4.609149e-003 -7.276797e-002 +0.000000e+000 -7.113500e-002 -1.575910e-001 -9.849391e-001 +0.000000e+000 -1.600730e-002 +9.874938e-001 -1.568437e-001 +0.000000e+000 +0.000000e+000 +0.000000e+000 +0.000000e+000 +1.000000e+000 -4.079704e+000
QUATS=+8.126951e-001 -2.269264e-002 -4.891361e-002 +5.801890e-001 EYE=+1.041516e-003 -1.462966e-001 +1.538893e+000 LOOKAT=+1.041516e-003 -1.462966e-001 -1.461111e+000 TRANSLATION=+2.498627e-004 +7.617002e-001 -1.381305e+001 PERSPECTIVE=+4.500000e+001 +1.777778e+000 +1.000000e-002 +1.000000e+002 BMIN=-9.920400e+000 -1.548770e+001 +5.020000e-002 BMAX=+9.919900e+000 +1.396430e+001 +2.757590e+001 FRUSTUM=0
MATRIX=+9.941850e-001 +1.987388e-002 -1.058357e-001 +0.000000e+000 -9.364268e-002 -3.257316e-001 -9.408136e-001 +0.000000e+000 -5.317164e-002 +9.452536e-001 -3.219765e-001 +0.000000e+000 +0.000000e+000 +0.000000e+000 +0.000000e+000 +1.000000e+000 -5.380836e+000
QUATS=+8.178865e-001 +2.524763e-003 -1.370987e-001 +5.588015e-001 EYE=+3.177068e-002 -2.407439e-002 +1.862968e+000 LOOKAT=+3.177068e-002 -2.407439e-002 -1.137037e+000 TRANSLATION=+2.498627e-004 +7.617002e-001 -1.381305e+001 PERSPECTIVE=+4.500000e+001 +1.777778e+000 +1.000000e-002 +1.000000e+002 BMIN=-9.920400e+000 -1.548770e+001 +5.020000e-002 BMAX=+9.919900e+000 +1.396430e+001 +2.757590e+001 FRUSTUM=0
MATRIX=+9.623952e-001 +1.573518e-001 -2.214406e-001 +0.000000e+000 -1.490919e-001 -3.754689e-001 -9.147647e-001 +0.000000e+000 -2.270840e-001 +9.133801e-001 -3.378896e-001 +0.000000e+000 +0.000000e+000 +0.000000e+000 +0.000000e+000 +1.000000e+000 -8.806121e+000
QUATS=+8.456862e-001 +7.328819e-002 -1.621886e-002 +5.283754e-001 EYE=-8.593763e-002 +2.314812e-001 +1.862968e+000 LOOKAT=-8.593763e-002 +2.314812e-001 -1.137037e+000 TRANSLATION=+2.498627e-004 +7.617002e-001 -1.381305e+001 PERSPECTIVE=+4.500000e+001 +1.777778e+000 +1.000000e-002 +1.000000e+002 BMIN=-9.920400e+000 -1.548770e+001 +5.020000e-002 BMAX=+9.919900e+000 +1.396430e+001 +2.757590e+001 FRUSTUM=0
MATRIX=+9.887316e-001 +1.410969e-001 +5.001522e-002 +0.000000e+000 +1.068183e-001 -4.308964e-001 -8.960568e-001 +0.000000e+000 -1.048795e-001 +8.913023e-001 -4.411126e-001 +0.000000e+000 +0.000000e+000 +0.000000e+000 +0.000000e+000 +1.000000e+000 +6.166076e+000
QUATS=+8.456862e-001 +7.328819e-002 -1.621885e-002 +5.283754e-001 EYE=-5.572931e-002 +3.962960e-001 +1.862968e+000 LOOKAT=-5.572931e-002 +3.962960e-001 -1.137037e+000 TRANSLATION=+2.498627e-004 +7.617002e-001 -1.381305e+001 PERSPECTIVE=+4.500000e+001 +1.777778e+000 +1.000000e-002 +1.000000e+002 BMIN=-9.920400e+000 -1.548770e+001 +5.020000e-002 BMAX=+9.919900e+000 +1.396430e+001 +2.757590e+001 FRUSTUM=0
MATRIX=+9.887316e-001 +1.410969e-001 +5.001524e-002 +0.000000e+000 +1.068183e-001 -4.308964e-001 -8.960568e-001 +0.000000e+000 -1.048795e-001 +8.913023e-001 -4.411126e-001 +0.000000e+000 +0.000000e+000 +0.000000e+000 +0.000000e+000 +1.000000e+000 +6.166077e+000
QUATS=+8.706108e-001 +9.109326e-002 -4.329098e-002 +4.815233e-001 EYE=-9.218764e-002 +3.555552e-001 +1.590746e+000 LOOKAT=-9.218764e-002 +3.555552e-001 -1.409258e+000 TRANSLATION=+2.498627e-004 +7.617002e-001 -1.381305e+001 PERSPECTIVE=+4.500000e+001 +1.777778e+000 +1.000000e-002 +1.000000e+002 BMIN=-9.920400e+000 -1.548770e+001 +5.020000e-002 BMAX=+9.919900e+000 +1.396430e+001 +2.757590e+001 FRUSTUM=0
MATRIX=+9.796558e-001 +2.003048e-001 +1.234785e-002 +0.000000e+000 +1.169223e-001 -5.196747e-001 -8.463258e-001 +0.000000e+000 -1.631062e-001 +8.305517e-001 -5.325224e-001 +0.000000e+000 +0.000000e+000 +0.000000e+000 +0.000000e+000 +1.000000e+000 +6.806079e+000
QUATS=+8.786892e-001 +1.666026e-001 -2.310943e-001 +3.830721e-001 EYE=-9.218764e-002 +3.555552e-001 +1.590746e+000 LOOKAT=-9.218764e-002 +3.555552e-001 -1.409258e+000 TRANSLATION=+2.498627e-004 +7.617002e-001 -1.381305e+001 PERSPECTIVE=+4.500000e+001 +1.777778e+000 +1.000000e-002 +1.000000e+002 BMIN=-9.920400e+000 -1.548770e+001 +5.020000e-002 BMAX=+9.919900e+000 +1.396430e+001 +2.757590e+001 FRUSTUM=0
MATRIX=+8.376780e-001 +4.698354e-001 -2.784784e-001 +0.000000e+000 +1.157323e-001 -6.509987e-001 -7.502045e-001 +0.000000e+000 -5.337617e-001 +5.962009e-001 -5.997025e-001 +0.000000e+000 +0.000000e+000 +0.000000e+000 +0.000000e+000 +1.000000e+000 +7.866097e+000
QUATS=+8.493648e-001 +1.938948e-001 -2.822047e-001 +4.016773e-001 EYE=-9.218764e-002 +3.555552e-001 +1.914820e+000 LOOKAT=-9.218764e-002 +3.555552e-001 -1.085184e+000 TRANSLATION=+2.498627e-004 +7.617002e-001 -1.381305e+001 PERSPECTIVE=+4.500000e+001 +1.777778e+000 +1.000000e-002 +1.000000e+002 BMIN=-9.920400e+000 -1.548770e+001 +5.020000e-002 BMAX=+9.919900e+000 +1.396430e+001 +2.757590e+001 FRUSTUM=0
MATRIX=+7.655306e-001 +5.560853e-001 -3.236232e-001 +0.000000e+000 +1.026643e-001 -6.021199e-001 -7.917772e-001 +0.000000e+000 -6.351558e-001 +5.729051e-001 -5.180314e-001 +0.000000e+000 +0.000000e+000 +0.000000e+000 +0.000000e+000 +1.000000e+000 +7.638291e+000
QUATS=+8.493648e-001 +1.938948e-001 -2.822047e-001 +4.016774e-001 EYE=-9.218764e-002 +3.555552e-001 +2.151856e+000 LOOKAT=-9.218764e-002 +3.555552e-001 -8.481474e-001 TRANSLATION=+2.498627e-004 +7.617002e-001 -1.381305e+001 PERSPECTIVE=+4.500000e+001 +1.777778e+000 +1.000000e-002 +1.000000e+002 BMIN=-9.920400e+000 -1.548770e+001 +5.020000e-002 BMAX=+9.919900e+000 +1.396430e+001 +2.757590e+001 FRUSTUM=0
MATRIX=+7.655307e-001 +5.560853e-001 -3.236231e-001 +0.000000e+000 +1.026644e-001 -6.021202e-001 -7.917773e-001 +0.000000e+000 -6.351557e-001 +5.729052e-001 -5.180316e-001 +0.000000e+000 +0.000000e+000 +0.000000e+000 +0.000000e+000 +1.000000e+000 +7.638295e+000
QUATS=+8.460255e-001 +1.468321e-001 -1.419430e-001 +4.924766e-001 EYE=-9.218764e-002 +3.555552e-001 +2.151856e+000 LOOKAT=-9.218764e-002 +3.555552e-001 -8.481474e-001 TRANSLATION=+2.498627e-004 +7.617002e-001 -1.381305e+001 PERSPECTIVE=+4.500000e+001 +1.777778e+000 +1.000000e-002 +1.000000e+002 BMIN=-9.920400e+000 -1.548770e+001 +5.020000e-002 BMAX=+9.919900e+000 +1.396430e+001 +2.757590e+001 FRUSTUM=0
MATRIX=+9.165851e-001 +3.882545e-001 -9.555206e-002 +0.000000e+000 +1.086402e-001 -4.718140e-001 -8.749791e-001 +0.000000e+000 -3.847975e-001 +7.916120e-001 -4.746377e-001 +0.000000e+000 +0.000000e+000 +0.000000e+000 +0.000000e+000 +1.000000e+000 +6.759566e+000
QUATS=+7.400230e-001 +7.616463e-002 +4.548765e-002 +6.667052e-001 EYE=-9.218764e-002 +3.555552e-001 +2.151856e+000 LOOKAT=-9.218764e-002 +3.555552e-001 -8.481474e-001 TRANSLATION=+2.498627e-004 +7.617002e-001 -1.381305e+001 PERSPECTIVE=+4.500000e+001 +1.777778e+000 +1.000000e-002 +1.000000e+002 BMIN=-9.920400e+000 -1.548770e+001 +5.020000e-002 BMAX=+9.919900e+000 +1.396430e+001 +2.757590e+001 FRUSTUM=0
MATRIX=+9.842597e-001 +5.207346e-002 +1.688825e-001 +0.000000e+000 +1.733809e-001 -9.940636e-002 -9.798253e-001 +0.000000e+000 -3.423490e-002 +9.936835e-001 -1.068702e-001 +0.000000e+000 +0.000000e+000 +0.000000e+000 +0.000000e+000 +1.000000e+000 +9.990364e+000
QUATS=+7.400230e-001 +7.616463e-002 +4.548764e-002 +6.667052e-001 EYE=-1.114585e-001 +6.203672e-002 +1.618523e+000 LOOKAT=-1.114585e-001 +6.203672e-002 -1.381481e+000 TRANSLATION=+2.498627e-004 +7.617002e-001 -1.381305e+001 PERSPECTIVE=+4.500000e+001 +1.777778e+000 +1.000000e-002 +1.000000e+002 BMIN=-9.920400e+000 -1.548770e+001 +5.020000e-002 BMAX=+9.919900e+000 +1.396430e+001 +2.757590e+001 FRUSTUM=0
MATRIX=+9.842597e-001 +5.207346e-002 +1.688825e-001 +0.000000e+000 +1.733809e-001 -9.940636e-002 -9.798253e-001 +0.000000e+000 -3.423490e-002 +9.936835e-001 -1.068702e-001 +0.000000e+000 +0.000000e+000 +0.000000e+000 +0.000000e+000 +1.000000e+000 +9.990363e+000
QUATS=+6.580511e-001 +6.656390e-002 +5.150097e-002 +7.482551e-001 EYE=-1.453126e-001 -1.861114e-001 +1.618523e+000 LOOKAT=-1.453126e-001 -1.861114e-001 -1.381481e+000 TRANSLATION=+2.498627e-004 +7.617002e-001 -1.381305e+001 PERSPECTIVE=+4.500000e+001 +1.777778e+000 +1.000000e-002 +1.000000e+002 BMIN=-9.920400e+000 -1.548770e+001 +5.020000e-002 BMAX=+9.919900e+000 +1.396430e+001 +2.757590e+001 FRUSTUM=0
MATRIX=+9.858338e-001 +1.053318e-002 +1.673941e-001 +0.000000e+000 +1.646766e-001 +1.286329e-001 -9.779239e-001 +0.000000e+000 -3.183302e-002 +9.916363e-001 +1.250761e-001 +0.000000e+000 +0.000000e+000 +0.000000e+000 +0.000000e+000 +1.000000e+000 +9.483299e+000
QUATS=+5.448998e-001 -9.439421e-002 +3.566593e-003 +8.331634e-001 EYE=-1.453126e-001 -1.861114e-001 +1.181486e+000 LOOKAT=-1.453126e-001 -1.861114e-001 -1.818518e+000 TRANSLATION=+2.498627e-004 +7.617002e-001 -1.381305e+001 PERSPECTIVE=+4.500000e+001 +1.777778e+000 +1.000000e-002 +1.000000e+002 BMIN=-9.920400e+000 -1.548770e+001 +5.020000e-002 BMAX=+9.919900e+000 +1.396430e+001 +2.757590e+001 FRUSTUM=0
MATRIX=+9.821540e-001 -1.088139e-001 -1.534047e-001 +0.000000e+000 -9.692765e-002 +4.061431e-001 -9.086545e-001 +0.000000e+000 +1.611785e-001 +9.073077e-001 +3.883480e-001 +0.000000e+000 +0.000000e+000 +0.000000e+000 +0.000000e+000 +1.000000e+000 -5.636204e+000
QUATS=+5.589514e-001 +8.847703e-002 +1.034263e-001 +8.179536e-001 EYE=+6.302073e-002 -2.277781e-001 +1.181486e+000 LOOKAT=+6.302073e-002 -2.277781e-001 -1.818518e+000 TRANSLATION=+2.498627e-004 +7.617002e-001 -1.381305e+001 PERSPECTIVE=+4.500000e+001 +1.777778e+000 +1.000000e-002 +1.000000e+002 BMIN=-9.920400e+000 -1.548770e+001 +5.020000e-002 BMAX=+9.919900e+000 +1.396430e+001 +2.757590e+001 FRUSTUM=0
MATRIX=+9.629496e-001 -7.028706e-002 +2.603607e-001 +0.000000e+000 +2.681045e-001 +3.537527e-001 -8.960909e-001 +0.000000e+000 -2.911972e-002 +9.326944e-001 +3.594903e-001 +0.000000e+000 +0.000000e+000 +0.000000e+000 +0.000000e+000 +1.000000e+000 +1.555827e+001
QUATS=+4.252654e-001 +6.259766e-002 +6.982005e-002 +9.001978e-001 EYE=-1.307293e-001 -4.194449e-001 +1.787042e+000 LOOKAT=-1.307293e-001 -4.194449e-001 -1.212962e+000 TRANSLATION=+2.498627e-004 +7.617002e-001 -1.381305e+001 PERSPECTIVE=+4.500000e+001 +1.777778e+000 +1.000000e-002 +1.000000e+002 BMIN=-9.920400e+000 -1.548770e+001 +5.020000e-002 BMAX=+9.919900e+000 +1.396430e+001 +2.757590e+001 FRUSTUM=0
MATRIX=+9.824134e-001 -7.246248e-002 +1.720847e-001 +0.000000e+000 +1.789450e-001 +6.285490e-001 -7.569048e-001 +0.000000e+000 -5.331646e-002 +7.743871e-001 +6.304618e-001 +0.000000e+000 +0.000000e+000 +0.000000e+000 +0.000000e+000 +1.000000e+000 +1.032316e+001
QUATS=+4.252654e-001 +6.259766e-002 +6.982005e-002 +9.001978e-001 EYE=-1.307293e-001 -4.194449e-001 +1.277029e+000 LOOKAT=-1.307293e-001 -4.194449e-001 +2.000000e-001 TRANSLATION=+2.498627e-004 +7.617002e-001 -1.381305e+001 PERSPECTIVE=+6.500000e+001 +1.777778e+000 +1.000000e-002 +1.000000e+002 BMIN=-9.920400e+000 -1.548770e+001 +5.020000e-002 BMAX=+9.919900e+000 +1.396430e+001 +2.757590e+001 FRUSTUM=0
MATRIX=+9.824134e-001 -7.246248e-002 +1.720847e-001 +0.000000e+000 +1.789450e-001 +6.285490e-001 -7.569048e-001 +0.000000e+000 -5.331646e-002 +7.743871e-001 +6.304618e-001 +0.000000e+000 +0.000000e+000 +0.000000e+000 +0.000000e+000 +1.000000e+000 +1.032316e+001
QUATS=+5.160373e-001 +6.864897e-002 +6.429520e-002 +8.513865e-001 EYE=-1.307293e-001 -4.194449e-001 +1.495547e+000 LOOKAT=-1.307293e-001 -4.194449e-001 +4.185185e-001 TRANSLATION=+2.498627e-004 +7.617002e-001 -1.381305e+001 PERSPECTIVE=+6.500000e+001 +1.777778e+000 +1.000000e-002 +1.000000e+002 BMIN=-9.920400e+000 -1.548770e+001 +5.020000e-002 BMAX=+9.919900e+000 +1.396430e+001 +2.757590e+001 FRUSTUM=0
MATRIX=+9.823069e-001 -3.862929e-002 +1.832511e-001 +0.000000e+000 +1.803310e-001 +4.591433e-001 -8.698668e-001 +0.000000e+000 -5.053618e-002 +8.875220e-001 +4.579857e-001 +0.000000e+000 +0.000000e+000 +0.000000e+000 +0.000000e+000 +1.000000e+000 +1.040248e+001
QUATS=+8.316333e-001 +1.425548e-001 +1.684251e-001 +5.096049e-001 EYE=-2.026042e-001 -1.574113e-002 +1.485991e+000 LOOKAT=-2.026042e-001 -1.574113e-002 +2.333333e-001 TRANSLATION=+2.498627e-004 +7.617002e-001 -1.381305e+001 PERSPECTIVE=+7.200000e+001 +1.777778e+000 +1.000000e-002 +1.000000e+002 BMIN=-9.920400e+000 -1.548770e+001 +5.020000e-002 BMAX=+9.919900e+000 +1.396430e+001 +2.757590e+001 FRUSTUM=0
MATRIX=+9.026223e-001 +6.544617e-002 +4.254290e-001 +0.000000e+000 +4.087671e-001 -4.399618e-001 -7.995892e-001 +0.000000e+000 +1.348425e-001 +8.956284e-001 -4.238715e-001 +0.000000e+000 +0.000000e+000 +0.000000e+000 +0.000000e+000 +1.000000e+000 +2.436416e+001
QUATS=+8.325564e-001 +6.768643e-002 +4.599161e-002 +5.478624e-001 EYE=-2.026042e-001 -1.574113e-002 +1.485991e+000 LOOKAT=-2.026042e-001 -1.574113e-002 +2.333333e-001 TRANSLATION=+2.498627e-004 +7.617002e-001 -1.381305e+001 PERSPECTIVE=+7.200000e+001 +1.777778e+000 +1.000000e-002 +1.000000e+002 BMIN=-9.920400e+000 -1.548770e+001 +5.020000e-002 BMAX=+9.919900e+000 +1.396430e+001 +2.757590e+001 FRUSTUM=0
MATRIX=+9.866067e-001 +6.231140e-002 +1.507469e-001 +0.000000e+000 +1.630997e-001 -3.905309e-001 -9.060267e-001 +0.000000e+000 +2.415515e-003 +9.184787e-001 -3.954633e-001 +0.000000e+000 +0.000000e+000 +0.000000e+000 +0.000000e+000 +1.000000e+000 +9.386886e+000
QUATS=+7.876783e-001 +5.881796e-002 -1.386084e-001 +5.974036e-001 EYE=-2.343758e-002 +4.259221e-002 +1.850806e+000 LOOKAT=-2.343758e-002 +4.259221e-002 +5.981482e-001 TRANSLATION=+2.498627e-004 +7.617002e-001 -1.381305e+001 PERSPECTIVE=+7.200000e+001 +1.777778e+000 +1.000000e-002 +1.000000e+002 BMIN=-9.920400e+000 -1.548770e+001 +5.020000e-002 BMAX=+9.919900e+000 +1.396430e+001 +2.757590e+001 FRUSTUM=0
MATRIX=+9.546563e-001 +2.582696e-001 -1.480816e-001 +0.000000e+000 -7.295109e-002 -2.792988e-001 -9.574291e-001 +0.000000e+000 -2.886338e-001 +9.248185e-001 -2.477933e-001 +0.000000e+000 +0.000000e+000 +0.000000e+000 +0.000000e+000 +1.000000e+000 -4.369826e+000
QUATS=+7.876783e-001 +5.881797e-002 -1.386084e-001 +5.974036e-001 EYE=-2.343758e-002 +4.259221e-002 +7.081344e+000 LOOKAT=-2.343758e-002 +4.259221e-002 +0.000000e+000 TRANSLATION=+2.498627e-004 +7.617002e-001 -1.381305e+001 PERSPECTIVE=+1.900000e+001 +1.777778e+000 +1.000000e-002 +1.000000e+002 BMIN=-9.920400e+000 -1.548770e+001 +5.020000e-002 BMAX=+9.919900e+000 +1.396430e+001 +2.757590e+001 FRUSTUM=0
MATRIX=+9.546563e-001 +2.582696e-001 -1.480816e-001 +0.000000e+000 -7.295109e-002 -2.792988e-001 -9.574291e-001 +0.000000e+000 -2.886338e-001 +9.248185e-001 -2.477933e-001 +0.000000e+000 +0.000000e+000 +0.000000e+000 +0.000000e+000 +1.000000e+000 -4.369826e+000
QUATS=+7.876783e-001 +5.881801e-002 -1.386084e-001 +5.974036e-001 EYE=-3.437508e-002 +9.999961e-002 +1.411491e+001 LOOKAT=-3.437508e-002 +9.999961e-002 +6.262962e+000 TRANSLATION=+2.498627e-004 +7.617002e-001 -1.381305e+001 PERSPECTIVE=+6.000000e+000 +1.777778e+000 +1.000000e-002 +1.000000e+002 BMIN=-9.920400e+000 -1.548770e+001 +5.020000e-002 BMAX=+9.919900e+000 +1.396430e+001 +2.757590e+001 FRUSTUM=0
MATRIX=+9.546563e-001 +2.582697e-001 -1.480815e-001 +0.000000e+000 -7.295103e-002 -2.792988e-001 -9.574291e-001 +0.000000e+000 -2.886339e-001 +9.248185e-001 -2.477933e-001 +0.000000e+000 +0.000000e+000 +0.000000e+000 +0.000000e+000 +1.000000e+000 -4.369823e+000
QUATS=+7.237998e-001 -1.034404e-002 -3.823157e-001 +5.743184e-001 EYE=-3.437508e-002 +9.999961e-002 +1.411491e+001 LOOKAT=-3.437508e-002 +9.999961e-002 +6.262962e+000 TRANSLATION=+2.498627e-004 +7.617002e-001 -1.381305e+001 PERSPECTIVE=+6.000000e+000 +1.777778e+000 +1.000000e-002 +1.000000e+002 BMIN=-9.920400e+000 -1.548770e+001 +5.020000e-002 BMAX=+9.919900e+000 +1.396430e+001 +2.757590e+001 FRUSTUM=0
MATRIX=+7.074554e-001 +4.241678e-001 -5.653216e-001 +0.000000e+000 -4.541159e-001 -3.401028e-001 -8.234737e-001 +0.000000e+000 -5.415585e-001 +8.392924e-001 -4.798615e-002 +0.000000e+000 +0.000000e+000 +0.000000e+000 +0.000000e+000 +1.000000e+000 -3.269642e+001
QUATS=+6.741339e-001 -2.143946e-001 -4.527635e-001 +5.427556e-001 EYE=-3.437508e-002 +9.999961e-002 +1.411491e+001 LOOKAT=-3.437508e-002 +9.999961e-002 +6.262962e+000 TRANSLATION=+2.498627e-004 +7.617002e-001 -1.381305e+001 PERSPECTIVE=+6.000000e+000 +1.777778e+000 +1.000000e-002 +1.000000e+002 BMIN=-9.920400e+000 -1.548770e+001 +5.020000e-002 BMAX=+9.919900e+000 +1.396430e+001 +2.757590e+001 FRUSTUM=0
MATRIX=+4.980803e-001 +2.024185e-001 -8.431742e-001 +0.000000e+000 -7.805412e-001 -3.189026e-001 -5.376397e-001 +0.000000e+000 -3.777187e-001 +9.259200e-001 -8.430481e-004 +0.000000e+000 +0.000000e+000 +0.000000e+000 +0.000000e+000 +1.000000e+000 -5.745716e+001
QUATS=+5.672406e-001 -3.888959e-001 -6.570063e-001 +3.087731e-001 EYE=-3.437508e-002 +9.999961e-002 +1.411491e+001 LOOKAT=-3.437508e-002 +9.999961e-002 +6.262962e+000 TRANSLATION=+2.498627e-004 +7.617002e-001 -1.381305e+001 PERSPECTIVE=+6.000000e+000 +1.777778e+000 +1.000000e-002 +1.000000e+002 BMIN=-9.920400e+000 -1.548770e+001 +5.020000e-002 BMAX=+9.919900e+000 +1.396430e+001 +2.757590e+001 FRUSTUM=0
