TOP_LEFT(X=3175688.689950416 Z=-5353693.619059395)
TOP_RIGHT(X=3176083.370566889 Z=-5353570.452840533)
BOT_LEFT(X=3175588.8185785636 Z=-5353372.91419522)
BOT_RIGHT(X=3175982.6610357673 Z=-5353249.425672349)
SURFACE=0.5056375702712846 REGION FILES
LEN_TOP=  413.45218162261693
LEN_BOT=  412.74846623237323
LEN_RIGHT=321.0271681845188
LEN_LEFT= 320.7048641750589
