TOP_LEFT(X=3175294.879539345 Z=-5353817.128995325)
TOP_RIGHT(X=3175688.689950416 Z=-5353693.619059395)
BOT_LEFT(X=3175194.9824710963 Z=-5353496.426185547)
BOT_RIGHT(X=3175588.8185785636 Z=-5353372.91419522)
PROJECTION(X=[3175482.57478513] Y=[9.52474111] Z=[-5353613.17642555])
HOPPA: [3175482.57478513] [9.52474111] [-5353613.17642555]
HOPPA: [-206.11516529] [9.52474111] [80.44263384]
SURFACE=0.5049373452190428 REGION FILES
LEN_TOP=  412.7242955550188
LEN_BOT=  412.7494291935828
LEN_RIGHT=320.7048641750589
LEN_LEFT= 320.70280977804214
