TOP_LEFT(X=2995948.644054197 Z=-5259067.315128908)
TOP_RIGHT(X=2996345.4628396444 Z=-5258936.321388393)
BOT_LEFT(X=2995844.4763670447 Z=-5258753.172789849)
BOT_RIGHT(X=2996241.313952516 Z=-5258622.1658360865)
PROJECTION1(X=[2995844.46249215] Y=[42.12590726] Z=[-5258753.16593619])
GEO_NORTH_EAST(X=4011314.5160634094 Y=228687.7774455305 Z=4944360.297719615)
PROJECTION2(X=[2996345.47976614] Y=[36.10944767] Z=[-5258936.32818344])
GEO_SOUTH_WEST(X=4011573.052537914 Y=228316.66409543593 Z=4944167.689818781)
DIFFERENCE_NORTH_EAST(X=-285.0698740906082 Y=369.6133830304898 Z=159.92271961458027)
DIFFERENCE_SOUTH_WEST(X=235.81035041389987 Y=-372.4218420640682 Z=-220.63830621913075)
rad=[[36.10944767]] lat=[[50.90240488]] lon=[[3.26293964]]
SURFACE=0.5007946861852172 REGION FILES
LEN_TOP=  417.88097412804336
LEN_BOT=  417.9029686144338
LEN_RIGHT=314.1555523062125
LEN_LEFT= 314.1423390582204
