TOP_LEFT(X=3177284.2679141164 Z=-5356015.896589048)
TOP_RIGHT(X=3177678.9439316867 Z=-5355892.8635637835)
BOT_LEFT(X=3177183.5132123013 Z=-5355694.823650607)
BOT_RIGHT(X=3177578.2150092283 Z=-5355571.7885940075)
PROJECTION(X=[3177465.12343116] Y=[7.81523099] Z=[-5355815.55680477])
HOPPA: [3177465.12343116] [7.81523099] [-5355815.55680477]
HOPPA: [-213.82050053] [7.81523099] [77.30675902]
SURFACE=0.5063576961076124 REGION FILES
LEN_TOP=  413.4081326618446
LEN_BOT=  413.433348497485
LEN_RIGHT=321.07496977597475
LEN_LEFT= 321.0729384412989
