TOP_LEFT(X=3232444.3846954303 Z=-5341383.415908513)
TOP_RIGHT(X=3232839.3781288806 Z=-5341262.325733635)
BOT_LEFT(X=3232345.4142077127 Z=-5341061.832616469)
BOT_RIGHT(X=3232740.4333832776 Z=-5340940.74037236)
PROJECTION1(X=[3232345.40102877] Y=[98.09523181] Z=[-5341061.82611603])
GEO_NORTH_EAST(X=3889455.7386944736 Y=402666.4734139081 Z=5029874.229831699)
PROJECTION2(X=[3232839.3918075] Y=[96.38524955] Z=[-5341262.33329113])
GEO_SOUTH_WEST(X=3889734.1586226295 Y=402318.3807509443 Z=5029686.779090149)
DIFFERENCE_NORTH_EAST(X=-338.3189227138646 Y=341.9070076580974 Z=110.01352310553193)
DIFFERENCE_SOUTH_WEST(X=219.58635700447485 Y=-354.19346780568594 Z=-263.5526969600469)
rad=[[96.38524955]] lat=[[52.13836679]] lon=[[5.91064468]]
SURFACE=0.5068306682770907 REGION FILES
LEN_TOP=  413.1375593199964
LEN_BOT=  413.16277742233393
LEN_RIGHT=321.5853612748906
LEN_LEFT= 321.58329204376787
