TOP_LEFT(X=3241056.980429048 Z=-5375066.5071820775)
TOP_RIGHT(X=3241450.8173919134 Z=-5374945.537238971)
BOT_LEFT(X=3240958.136593045 Z=-5374743.415990156)
BOT_RIGHT(X=3241351.999440135 Z=-5374622.443901127)
PROJECTION1(X=[3240958.12293267] Y=[19.90658822] Z=[-5374743.4063244])
GEO_NORTH_EAST(X=3864858.6055746004 Y=398622.0073456812 Z=5049119.6712076105)
PROJECTION2(X=[3241450.82996271] Y=[19.3413489] Z=[-5374945.5416699])
GEO_SOUTH_WEST(X=3865137.5650888816 Y=398276.2755119058 Z=5048933.413237211)
DIFFERENCE_NORTH_EAST(X=-291.04676914960146 Y=344.49562693119515 Z=170.48956698551774)
DIFFERENCE_SOUTH_WEST(X=267.23305763164535 Y=-346.9510505942162 Z=-201.59066903870553)
rad=[[19.3413489]] lat=[[52.42126471]] lon=[[5.88867202]]
SURFACE=0.5078012304983197 REGION FILES
LEN_TOP=  411.9966995668726
LEN_BOT=  412.0220730029859
LEN_RIGHT=323.0933378441259
LEN_LEFT= 323.09119192138314
