TOP_LEFT(X=3197146.9981486658 Z=-5330818.167478927)
TOP_RIGHT(X=3197542.640478367 Z=-5330695.765335964)
BOT_LEFT(X=3197047.191435518 Z=-5330497.3669600235)
BOT_RIGHT(X=3197442.859456911 Z=-5330374.962806779)
PROJECTION1(X=[3197047.17710453] Y=[14.9433497] Z=[-5330497.35840122])
GEO_NORTH_EAST(X=3906838.2453763 Y=376471.3654685199 Z=5018418.599065577)
PROJECTION2(X=[3197542.653947] Y=[13.61350994] Z=[-5330695.770066])
GEO_SOUTH_WEST(X=3907113.7771161865 Y=376119.8516354114 Z=5018230.444078336)
DIFFERENCE_NORTH_EAST(X=-284.7057955749333 Y=350.64085914491443 Z=176.39154604543)
DIFFERENCE_SOUTH_WEST(X=267.19069040520117 Y=-352.3280520886183 Z=-198.8830701019615)
rad=[[13.61350994]] lat=[[51.97082526]] lon=[[5.50415054]]
SURFACE=0.5068283614189699 REGION FILES
LEN_TOP=  414.1438610597006
LEN_BOT=  414.1689991833991
LEN_RIGHT=320.80252918507904
LEN_LEFT= 320.8005189038813
