TOP_LEFT(X=3313698.990085233 Z=-5498701.284231066)
TOP_RIGHT(X=3314089.203649396 Z=-5498584.040393277)
BOT_LEFT(X=3313600.2444977975 Z=-5498373.385286597)
BOT_RIGHT(X=3313989.8833588995 Z=-5498255.970245899)
PROJECTION1(X=[3313600.13843337] Y=[1.69581685] Z=[-5498373.33974012])
GEO_NORTH_EAST(X=3762236.609096928 Y=417954.4702766939 Z=5124502.976674574)
PROJECTION2(X=[3314089.33809062] Y=[0.23540462] Z=[-5498584.11941353])
GEO_SOUTH_WEST(X=3762520.811784136 Y=417620.86775940267 Z=5124321.511351832)
DIFFERENCE_NORTH_EAST(X=-285.265903071966 Y=333.5640266938717 Z=180.1407370744273)
DIFFERENCE_SOUTH_WEST(X=284.15553413610905 Y=-333.7025530973333 Z=-181.71521066781133)
rad=[[0.23540462]] lat=[[53.5473642]] lon=[[6.33911275]]
SURFACE=0.5094682035629723 REGION FILES
LEN_TOP=  407.44661387263073
LEN_BOT=  406.9456153627832
LEN_RIGHT=328.07014737837017
LEN_LEFT= 327.8989444691688
