TOP_LEFT(X=3174795.399896392 Z=-5352213.638833629)
TOP_RIGHT(X=3175189.3387844204 Z=-5352090.118635225)
BOT_LEFT(X=3174695.505677271 Z=-5351892.947967697)
BOT_RIGHT(X=3175089.470259184 Z=-5351769.425719651)
PROJECTION(X=[3174969.52635787] Y=[9.33469172] Z=[-5351983.02733793])
HOPPA: [3174969.52635787] [9.33469172] [-5351983.02733793]
HOPPA: [-219.81242655] [9.33469172] [107.09129729]
SURFACE=0.5050722610655687 REGION FILES
LEN_TOP=  412.84995690283597
LEN_BOT=  412.87508711956724
LEN_RIGHT=320.69291557371616
LEN_LEFT= 320.69086593203247
