TOP_LEFT(X=3173719.7014070414 Z=-5354311.403428007)
TOP_RIGHT(X=3174113.486412213 Z=-5354187.799614713)
BOT_LEFT(X=3173619.701549666 Z=-5353990.708839205)
BOT_RIGHT(X=3174013.51225265 Z=-5353867.102970158)
SURFACE=0.5049291288542094 REGION FILES
LEN_TOP=  412.7281586698911
LEN_BOT=  412.75329271597053
LEN_RIGHT=320.696644554846
LEN_LEFT= 320.69458880182356
