TOP_LEFT(X=3174219.709271695 Z=-5355914.912143212)
TOP_RIGHT(X=3174613.620157 Z=-5355791.412925952)
BOT_LEFT(X=3174119.7065550527 Z=-5355594.2056308435)
BOT_RIGHT(X=3174513.3887639455 Z=-5355470.61005008)
SURFACE=0.5049995847277365 REGION FILES
LEN_TOP=  412.81695971173497
LEN_BOT=  412.627615632998
LEN_RIGHT=320.8028758717701
LEN_LEFT= 320.70651236828417
