TOP_LEFT(X=3174813.10662866 Z=-5383964.916484401)
TOP_RIGHT(X=3175205.8758745207 Z=-5383841.2599933995)
BOT_LEFT(X=3174712.279994864 Z=-5383643.2655648)
BOT_RIGHT(X=3175105.075072139 Z=-5383519.606956977)
PROJECTION1(X=[3174712.17971047] Y=[15.38839028] Z=[-5383642.96437346])
GEO_NORTH_EAST(X=3878470.372978499 Y=339988.31473947165 Z=5042967.034570882)
PROJECTION2(X=[3175205.88268187] Y=[12.28664257] Z=[-5383841.26467682])
GEO_SOUTH_WEST(X=3878743.7693915237 Y=339637.5564509161 Z=5042780.393954756)
DIFFERENCE_NORTH_EAST(X=-282.9922558758408 Y=349.9231379091507 Z=174.6361333820969)
DIFFERENCE_SOUTH_WEST(X=265.92173527367413 Y=-351.41815845889505 Z=-196.36971711926162)
rad=[[12.28664257]] lat=[[52.33062749]] lon=[[5.00976569]]
SURFACE=0.5052653944252073 REGION FILES
LEN_TOP=  411.7749485588507
LEN_BOT=  411.80022343385383
LEN_RIGHT=321.6530364220962
LEN_LEFT= 321.6509196003899
