TOP_LEFT(X=3236852.9481209144 Z=-5388030.385409945)
TOP_RIGHT(X=3237246.4531004364 Z=-5387909.983612647)
BOT_LEFT(X=3236753.716696507 Z=-5387707.4297976885)
BOT_RIGHT(X=3237147.2164161457 Z=-5387586.980359503)
PROJECTION1(X=[3236753.70378532] Y=[7.31031071] Z=[-5387707.42172799])
GEO_NORTH_EAST(X=3857626.8669256503 Y=390775.63648107013 Z=5055259.672608936)
PROJECTION2(X=[3237246.46623166] Y=[7.31014606] Z=[-5387909.98996177])
GEO_SOUTH_WEST(X=3857905.41184982 Y=390430.1890447737 Z=5055073.797750368)
DIFFERENCE_NORTH_EAST(X=-282.98073059972376 Y=345.0075748201343 Z=180.0808120612055)
DIFFERENCE_SOUTH_WEST(X=274.12669357005507 Y=-345.90470522630494 Z=-191.680765257217)
rad=[[7.31014606]] lat=[[52.51190194]] lon=[[5.7843019]]
SURFACE=0.5070175205369281 REGION FILES
LEN_TOP=  411.5127722210221
LEN_BOT=  411.52168413709876
LEN_RIGHT=323.00325314421207
LEN_LEFT= 322.95561225619167
