TOP_LEFT(X=3174313.4364453787 Z=-5354829.200061066)
TOP_RIGHT(X=3174707.176406429 Z=-5354705.623832131)
BOT_LEFT(X=3174213.461143122 Z=-5354508.498645031)
BOT_RIGHT(X=3174607.2268026387 Z=-5354384.920358778)
SURFACE=0.5048771971677571 REGION FILES
LEN_TOP=  412.6769211936538
LEN_BOT=  412.70205651027646
LEN_RIGHT=320.70347335282713
LEN_LEFT= 320.7014160351828
