TOP_LEFT(X=3182117.535931758 Z=-5272690.95478465)
TOP_RIGHT(X=3182514.684021199 Z=-5272567.056843118)
BOT_LEFT(X=3182018.499140774 Z=-5272371.890951462)
BOT_RIGHT(X=3182415.672633933 Z=-5272247.991068447)
PROJECTION1(X=[3182018.48557612] Y=[25.98057084] Z=[-5272371.88207918])
GEO_NORTH_EAST(X=3949300.608447743 Y=383238.35611601605 Z=4984555.553558991)
PROJECTION2(X=[3182514.69849808] Y=[25.98225757] Z=[-5272567.0617285])
GEO_SOUTH_WEST(X=3949575.1574814487 Y=382882.7752847493 Z=4984365.341324373)
DIFFERENCE_NORTH_EAST(X=-290.6649897568859 Y=354.02799101604614 Z=169.89340274129063)
DIFFERENCE_SOUTH_WEST(X=258.45045019872487 Y=-357.1544027507189 Z=-210.54539437685162)
rad=[[25.98225757]] lat=[[51.47918709]] lon=[[5.5426027]]
SURFACE=0.5063747004786221 REGION FILES
LEN_TOP=  416.025606017998
LEN_BOT=  416.0504352590872
LEN_RIGHT=319.06577467080206
LEN_LEFT= 319.06383318826556
