TOP_LEFT(X=3236486.057778022 Z=-5351764.8735397635)
TOP_RIGHT(X=3236880.4425492818 Z=-5351643.725880745)
BOT_LEFT(X=3236387.728332105 Z=-5351442.742665444)
BOT_RIGHT(X=3236782.138865361 Z=-5351321.592904169)
PROJECTION1(X=[3236387.63083259] Y=[75.61552919] Z=[-5351442.44112885])
GEO_NORTH_EAST(X=3881459.204862525 Y=402590.8629200612 Z=5036053.617474823)
PROJECTION2(X=[3236880.54226678] Y=[68.09554256] Z=[-5351644.02945329])
GEO_SOUTH_WEST(X=3881737.907469512 Y=402243.613435607 Z=5035866.548387128)
DIFFERENCE_NORTH_EAST(X=-325.00021559977904 Y=342.4566700612195 Z=127.47587326075882)
DIFFERENCE_SOUTH_WEST(X=237.44457888696343 Y=-351.53500189300394 Z=-241.07368318457156)
rad=[[68.09554256]] lat=[[52.22900651]] lon=[[5.92163095]]
SURFACE=0.5069994106218018 REGION FILES
LEN_TOP=  412.57254281819615
LEN_BOT=  412.5977864701401
LEN_RIGHT=322.1329765757546
LEN_LEFT= 322.13087431993335
