TOP_LEFT(X=3175302.2001861176 Z=-5355224.018665428)
TOP_RIGHT(X=3175696.95365341 Z=-5355100.883562962)
BOT_LEFT(X=3175201.344670211 Z=-5354902.963414722)
BOT_RIGHT(X=3175596.123916262 Z=-5354779.826283371)
PROJECTION(X=[3175490.6221288] Y=[8.38497639] Z=[-5355021.26922155])
HOPPA: [3175490.6221288] [8.38497639] [-5355021.26922155]
HOPPA: [-206.33152461] [8.38497639] [79.61434141]
SURFACE=0.5064575691978284 REGION FILES
LEN_TOP=  413.5124585776713
LEN_BOT=  413.53767208061447
LEN_RIGHT=321.0572795905173
LEN_LEFT= 321.0552507061511
