TOP_LEFT(X=3162170.6603279104 Z=-5380865.114377155)
TOP_RIGHT(X=3162564.3550129714 Z=-5380741.736780124)
BOT_LEFT(X=3162069.2533745603 Z=-5380543.740694824)
BOT_RIGHT(X=3162462.9739245893 Z=-5380420.361046084)
PROJECTION1(X=[3162069.2414883] Y=[5.61457175] Z=[-5380543.73589051])
GEO_NORTH_EAST(X=3884153.17593544 Y=330356.99522984016 Z=5039232.021010081)
PROJECTION2(X=[3162564.36869971] Y=[6.17973206] Z=[-5380741.74583274])
GEO_SOUTH_WEST(X=3884425.524301963 Y=330005.0535465002 Z=5039045.1487147035)
DIFFERENCE_NORTH_EAST(X=-275.7781661222689 Y=351.6592923401622 Z=182.43604914378375)
DIFFERENCE_SOUTH_WEST(X=268.590708212927 Y=-352.27067224978236 Z=-191.76730092149228)
rad=[[6.17973206]] lat=[[52.2756959]] lon=[[4.86145033]]
SURFACE=0.5058097969506905 REGION FILES
LEN_TOP=  412.5742799720632
LEN_BOT=  412.5995749370947
LEN_RIGHT=321.3757340395823
LEN_LEFT= 321.3736823312938
