TOP_LEFT(X=3021526.9030636647 Z=-5264594.863438083)
TOP_RIGHT(X=3021923.613461583 Z=-5264464.321936013)
BOT_LEFT(X=3021423.409194636 Z=-5264279.061529714)
BOT_RIGHT(X=3021820.1384951645 Z=-5264148.506780121)
PROJECTION1(X=[3021422.86533407] Y=[22.16531463] Z=[-5264278.78528611])
GEO_NORTH_EAST(X=4000607.0363714416 Y=248862.85888748558 Z=4952055.292300527)
PROJECTION2(X=[3021923.62443113] Y=[19.6375715] Z=[-5264464.32978735])
GEO_SOUTH_WEST(X=4000867.8024369925 Y=248494.0197688625 Z=4951863.139219631)
DIFFERENCE_NORTH_EAST(X=-275.018316058442 Y=368.3510749855777 Z=175.17511302698404)
DIFFERENCE_SOUTH_WEST(X=248.44306199252605 Y=-369.6130436375097 Z=-207.42328036855906)
rad=[[19.6375715]] lat=[[51.01226816]] lon=[[3.55957042]]
SURFACE=0.5031457924189446 REGION FILES
LEN_TOP=  417.63647299901794
LEN_BOT=  417.6585693350498
LEN_RIGHT=315.8151558926329
LEN_LEFT= 315.8019083691761
