TOP_LEFT(X=3175488.9477760415 Z=-5353052.211720666)
TOP_RIGHT(X=3175882.815928787 Z=-5352928.721144686)
BOT_LEFT(X=3175389.0775428456 Z=-5352731.511635782)
BOT_RIGHT(X=3175782.9713906287 Z=-5352608.019007645)
PROJECTION(X=[3175675.08091965] Y=[10.28459373] Z=[-5352848.0123977])
HOPPA: [3175675.08091965] [10.28459373] [-5352848.0123977]
HOPPA: [-207.73500914] [10.28459373] [80.70874698]
SURFACE=0.5049933691419058 REGION FILES
LEN_TOP=  412.7735990866165
LEN_BOT=  412.7987312549541
LEN_RIGHT=320.702137041837
LEN_LEFT= 320.7000848837197
