TOP_LEFT(X=3204185.690183809 Z=-5444916.1897876)
TOP_RIGHT(X=3204576.7408456127 Z=-5444794.922486267)
BOT_LEFT(X=3204084.8815701045 Z=-5444592.5372577375)
BOT_RIGHT(X=3204475.9583653184 Z=-5444471.267770402)
PROJECTION1(X=[3204084.86719851] Y=[1.6938138] Z=[-5444592.52577375])
GEO_NORTH_EAST(X=3829831.098116521 Y=344606.43100409035 Z=5079693.019032767)
PROJECTION2(X=[3204576.75494109] Y=[0.20323294] Z=[-5444794.93048915])
GEO_SOUTH_WEST(X=3830106.641867489 Y=344261.0475970407 Z=5079508.6812633695)
DIFFERENCE_NORTH_EAST(X=-276.57375847920775 Y=345.30014471535105 Z=182.99559526704252)
DIFFERENCE_SOUTH_WEST(X=275.4309299890883 Y=-345.4035748342867 Z=-184.5062366304919)
rad=[[0.20323294]] lat=[[52.87445078]] lon=[[5.14160171]]
SURFACE=0.5055048348241928 REGION FILES
LEN_TOP=  409.42200535599557
LEN_BOT=  409.44761363734665
LEN_RIGHT=323.6547158649191
LEN_LEFT= 323.65252986270934
