TOP_LEFT(X=3176578.9970702184 Z=-5353768.436284833)
TOP_RIGHT(X=3176973.8535327227 Z=-5353645.389060206)
BOT_LEFT(X=3176478.246391309 Z=-5353447.380101815)
BOT_RIGHT(X=3176873.12862965 Z=-5353324.33085251)
PROJECTION1(X=[3176477.94121329] Y=[14.36902776] Z=[-5353447.46960346])
GEO_NORTH_EAST(X=3897803.793575048 Y=351476.0413744937 Z=5027248.867833348)
PROJECTION2(X=[3176973.95373122] Y=[8.10003811] Z=[-5353645.69051934])
GEO_SOUTH_WEST(X=3898077.4874941246 Y=351123.96209170524 Z=5027061.255319703)
DIFFERENCE_NORTH_EAST(X=-282.515262842644 Y=351.57433347805636 Z=176.27756235189736)
DIFFERENCE_SOUTH_WEST(X=268.9652773276903 Y=-352.510564544762 Z=-194.18120373412967)
rad=[[8.10003811]] lat=[[52.09991714]] lon=[[5.15258796]]
SURFACE=0.5065474249739496 REGION FILES
LEN_TOP=  413.5846291507295
LEN_BOT=  413.60984020162357
LEN_RIGHT=321.0582076953724
LEN_LEFT= 321.0561830177903
