TOP_LEFT(X=3162714.943476394 Z=-5386698.994067029)
TOP_RIGHT(X=3163108.1791266594 Z=-5386575.580916654)
BOT_LEFT(X=3162613.448772881 Z=-5386377.586791087)
BOT_RIGHT(X=3163006.710297749 Z=-5386254.171571574)
PROJECTION1(X=[3162613.44241271] Y=[6.83316206] Z=[-5386377.5850464])
GEO_NORTH_EAST(X=3880154.809401794 Y=328892.86283980665 Z=5042407.077958816)
PROJECTION2(X=[3163108.18668648] Y=[6.08105106] Z=[-5386575.58544974])
GEO_SOUTH_WEST(X=3880427.174950671 Y=328541.24811316445 Z=5042220.40257986)
DIFFERENCE_NORTH_EAST(X=-276.5304419561289 Y=351.2671366816503 Z=181.2693650657311)
DIFFERENCE_SOUTH_WEST(X=268.6671381709166 Y=-351.9335274605546 Z=-191.49195139016956)
rad=[[6.08105106]] lat=[[52.32238775]] lon=[[4.84497078]]
SURFACE=0.5053387132756068 REGION FILES
LEN_TOP=  412.1469183740531
LEN_BOT=  412.172225348432
LEN_RIGHT=321.4093450801447
LEN_LEFT= 321.40727594215423
