TOP_LEFT(X=3232881.0847837664 Z=-5407289.215335814)
TOP_RIGHT(X=3233273.3555823336 Z=-5407168.199345991)
BOT_LEFT(X=3232781.869603517 Z=-5406965.687061057)
BOT_RIGHT(X=3233174.166384409 Z=-5406844.668884132)
PROJECTION1(X=[3232781.85670888] Y=[6.89847554] Z=[-5406965.68154681])
GEO_NORTH_EAST(X=3846168.8706983426 Y=381048.6396740179 Z=5064723.877199389)
PROJECTION2(X=[3233273.36968525] Y=[5.96912695] Z=[-5407168.20733942])
GEO_SOUTH_WEST(X=3846446.9878213354 Y=380703.80378837825 Z=5064538.595337313)
DIFFERENCE_NORTH_EAST(X=-282.28945790743455 Y=344.4326427679043 Z=179.80298063904047)
DIFFERENCE_SOUTH_WEST(X=274.52297758543864 Y=-345.20207099674735 Z=-190.03356893733144)
rad=[[5.96912695]] lat=[[52.65197763]] lon=[[5.65795913]]
SURFACE=0.5066576408220564 REGION FILES
LEN_TOP=  410.51339710351357
LEN_BOT=  410.5388695905768
LEN_RIGHT=323.530461858958
LEN_LEFT= 323.52827475685626
